type: walls
shape:
    path: shape/rosebv.pgm
    blockheight: 2.0
    resolution: 0.025000
    origin_x: -25.000000 
    origin_y: -25.000000
    origin_z:  0.000000
