image: shape/gmapping_cleaned_hospitalmap.png
resolution: 0.020000
origin: [-14.000000, -14.000000, 0.000000]
negate: 0
occupied_thresh: 0.65
free_thresh: 0.196

