image_width: 640
image_height: 480
camera_name: depth_PS1080_PrimeSense
camera_matrix:
  rows: 3
  cols: 3
  data: [580.3955861062658, 0, 324.4665188699259, 0, 580.569456756091, 244.7195363297642, 0, 0, 1]
distortion_model: plumb_bob
distortion_coefficients:
  rows: 1
  cols: 5
  data: [-0.02627565971609647, 0.01944493875884071, 0.002507920335136517, 0.004102225582963649, 0]
rectification_matrix:
  rows: 3
  cols: 3
  data: [1, 0, 0, 0, 1, 0, 0, 0, 1]
projection_matrix:
  rows: 3
  cols: 4
  data: [577.0731811523438, 0, 326.8954172083031, 0, 0, 578.9808349609375, 245.6829040900702, 0, 0, 0, 1, 0]