image_width: 640
image_height: 480
camera_name: depth_PS1080_PrimeSense
camera_matrix:
  rows: 3
  cols: 3
  data: [591.946232728126, 0, 313.5979601593267, 0, 551.620433003635, 245.1073076677238, 0, 0, 1]
distortion_model: plumb_bob
distortion_coefficients:
  rows: 1
  cols: 5
  data: [-0.01321804817295556, 0.002593379338295028, 0.005676940301773137, -0.004207103256780145, 0]
rectification_matrix:
  rows: 3
  cols: 3
  data: [1, 0, 0, 0, 1, 0, 0, 0, 1]
projection_matrix:
  rows: 3
  cols: 4
  data: [591.277099609375, 0, 310.9495995201287, 0, 0, 551.5448608398438, 247.4324235099448, 0, 0, 0, 1, 0]