image_width: 640
image_height: 480
camera_name: rgb_PS1080_PrimeSense
camera_matrix:
  rows: 3
  cols: 3
  data: [544.3651370246624, 0, 320.6549618015985, 0, 544.2425576775317, 234.6124411301116, 0, 0, 1]
distortion_model: plumb_bob
distortion_coefficients:
  rows: 1
  cols: 5
  data: [0.05441223072790672, -0.1628267336854055, 0.0001948788949460381, 0.00304642651616421, 0]
rectification_matrix:
  rows: 3
  cols: 3
  data: [1, 0, 0, 0, 1, 0, 0, 0, 1]
projection_matrix:
  rows: 3
  cols: 4
  data: [543.9489135742188, 0, 322.4769520974405, 0, 0, 547.0029907226562, 234.6449109451187, 0, 0, 0, 1, 0]