image_width: 640
image_height: 480
camera_name: rgb_PS1080_PrimeSense
camera_matrix:
  rows: 3
  cols: 3
  data: [536.88614937036, 0, 315.7194604166903, 0, 536.3079972480018, 240.0644183515691, 0, 0, 1]
distortion_model: plumb_bob
distortion_coefficients:
  rows: 1
  cols: 5
  data: [0.01636713750258849, -0.06987292359139419, 0.004554691780296756, -0.002832379717839711, 0]
rectification_matrix:
  rows: 3
  cols: 3
  data: [1, 0, 0, 0, 1, 0, 0, 0, 1]
projection_matrix:
  rows: 3
  cols: 4
  data: [535.435546875, 0, 313.9186567403376, 0, 0, 536.89697265625, 241.6250723357371, 0, 0, 0, 1, 0]