image_width: 640
image_height: 480
camera_name: rgb_PS1080_PrimeSense
camera_matrix:
  rows: 3
  cols: 3
  data: [551.2800202799498, 0, 314.6477274216731, 0, 515.1940456569006, 242.0111840581407, 0, 0, 1]
distortion_model: plumb_bob
distortion_coefficients:
  rows: 1
  cols: 5
  data: [0.06279473300770166, -0.1528938262957263, 0.007265351262156226, 0.001484149511029818, 0]
rectification_matrix:
  rows: 3
  cols: 3
  data: [1, 0, 0, 0, 1, 0, 0, 0, 1]
projection_matrix:
  rows: 3
  cols: 4
  data: [554.0836181640625, 0, 315.3431675977408, 0, 0, 518.5887451171875, 244.5470694127434, 0, 0, 0, 1, 0]