image_width: 640
image_height: 480
camera_name: depth_PS1080_PrimeSense
camera_matrix:
  rows: 3
  cols: 3
  data: [585.0609248876353, 0, 320.9738998401144, 0, 584.4450915159234, 245.3715124620718, 0, 0, 1]
distortion_model: plumb_bob
distortion_coefficients:
  rows: 1
  cols: 5
  data: [-0.01954303397477853, 0.01212423955788748, 0.002180230651069006, 0.001971204685523087, 0]
rectification_matrix:
  rows: 3
  cols: 3
  data: [1, 0, 0, 0, 1, 0, 0, 0, 1]
projection_matrix:
  rows: 3
  cols: 4
  data: [582.5035400390625, 0, 322.096284234729, 0, 0, 582.7882690429688, 246.0776586519696, 0, 0, 0, 1, 0]