type: walls
shape:
    path: shape/map.pgm
    blockheight: 2.0
    resolution: 0.02
    origin_x: -25.0415664673
    origin_y: -174.982581787
    origin_z:  0.000000
color:
   red: 0.0
   green: 0.5
   blue: 1.0
   alpha: 1.0
