model: 
    name: beer
    color: 
        - set: 
              - black: 0.0300068
              - blue: 0.00853173
              - brown: 0.187306
              - green: 0.0253858
              - grey: 0.0491789
              - orange: 0.109452
              - pink: 0.135635
              - purple: 0.108762
              - red: 0.308552
              - white: 0.00787019
              - yellow: 0.02932
        - set: 
              - black: 0.066524
              - blue: 0.0575477
              - brown: 0.0722675
              - green: 0.0209816
              - grey: 0.0963068
              - orange: 0.0441563
              - pink: 0.14739
              - purple: 0.273072
              - red: 0.1859
              - white: 0.0111745
              - yellow: 0.0246801
        - set: 
              - black: 0.0443338
              - blue: 0.0155834
              - brown: 0.127405
              - green: 0.0207324
              - grey: 0.061464
              - orange: 0.0756522
              - pink: 0.176179
              - purple: 0.185984
              - red: 0.260069
              - white: 0.00818306
              - yellow: 0.0244146
        - set: 
              - black: 0.0300382
              - blue: 0.00883477
              - brown: 0.213083
              - green: 0.0275548
              - grey: 0.0512538
              - orange: 0.11713
              - pink: 0.115558
              - purple: 0.104063
              - red: 0.285631
              - white: 0.00758739
              - yellow: 0.0392659
    size: 
        - area: 0.00251713
          height: 0.054421
          width: 0
        - area: 0.00251713
          height: 0.061714
          width: 0
        - area: 0.00251705
          height: 0.070161
          width: 0
        - area: 0.00251704
          height: 0.054451
          width: 0
