image: /home/ropod/map_tue_elevator.pgm
resolution: 0.025000
origin: [-12.400000, -13.200000, 0.000000]
negate: 0
occupied_thresh: 0.65
free_thresh: 0.196

