free_thresh: 0.196
image: map.pgm
negate: 0
occupied_thresh: 0.65
origin: [-25.0415664673,-174.982581787, 0.0]
resolution: 0.02

