AMK_D_L-1_C41_LA1: [ 29.03211311477935 , 162.4045343566686, 0.0 ]
AMK_D_L-1_C40_LA2: [ 41.75216880266089 , 161.13031635899097, 0.0 ]
AMK_D_L-1_C39_LA1: [ 51.131924160930794 , 158.9285568073392, 0.0 ]
AMK_C_L-1_C38_LA2: [ 49.92564084386686 , 140.43208787404, 0.0 ]
AMK_C_L-1_C37_LA2: [ 47.77866017463384 , 122.88740694988519, 0.0 ]
AMK_C_L-1_C36_LA2: [ 45.532650548324455 , 106.64317189343274, 0.0 ]
AMK_C_L-1_C35_LA2: [ 43.53475454094587 , 93.8580933669582, 0.0 ]
AMK_C_L-1_C34_LA2: [ 42.10344274941599 , 82.16534314956516, 0.0 ]
AMK_B_L-1_C33_LA2: [ 41.4205910465098 , 73.9118744134903, 0.0 ]
AMK_B_L-1_C32_LA2: [ 40.43254380678991 , 65.21220765728503, 0.0 ]
AMK_B_L-1_C31_LA2: [ 39.3862345610396 , 58.25793752167374, 0.0 ]
AMK_B_L-1_C30_LA2: [ 38.5095528185484 , 51.70474933180958, 0.0 ]
AMK_B_L-1_C29_LA2: [ 37.90891449706396 , 47.23210399597883, 0.0 ]
AMK_B_L-1_C28_LA1: [ 37.55751713743666 , 44.461831510066986, 0.0 ]
AMK_B_L-1_C27_LA1: [ 35.536484045151155 , 41.127729872241616, 0.0 ]
AMK_B_L-1_C25_LA2: [ 31.80657533806516 , 39.48675469774753, 0.0 ]
AMK_B_L-1_C23_LA2: [ 31.496210612531286 , 34.08148902095854, 0.0 ]
AMK_B_L-1_C17_LA1: [ 31.15973453404149 , 29.665684782899916, 0.0 ]
AMK_B_L-1_C5_LA1: [ 27.724627678340767 , 29.16022965218872, 0.0 ]
AMK_B_L-1_C4_LA1: [ 24.72150881437119 , 27.978557989932597, 0.0 ]
AMK_B_L-1_C3_LA1: [ 22.240816660341807 , 28.155862036161125, 0.0 ]
AMK_B_L-1_C2_LA1: [ 22.355625020049047 , 25.031984865665436, 0.0 ]
AMK_B_E1_LA1: [ 24.680250496021472 , 24.609327143989503, 0.0 ]
AMK_B_L4_C0_LA2: [ 20.988560257537756 , 23.95810959674418, 0.0 ]
AMK_B_L4_C1_LA2: [ 21.08431159716565 , 29.406837943941355, 0.0 ]
