model: 
    name: paper_towels
    color: 
        - set: 
              - black: 0.0435653
              - blue: 0.275037
              - brown: 0.0265151
              - green: 0.0240218
              - grey: 0.0906027
              - orange: 0.0263901
              - pink: 0.106866
              - purple: 0.233775
              - red: 0.0431232
              - white: 0.0920461
              - yellow: 0.0380578
        - set: 
              - black: 0.0439756
              - blue: 0.0603078
              - brown: 0.116604
              - green: 0.04557
              - grey: 0.144273
              - orange: 0.0511985
              - pink: 0.180061
              - purple: 0.100697
              - red: 0.0651934
              - white: 0.140536
              - yellow: 0.0515839
    size: 
        - area: 0.259396
          height: 0.252108
          width: 0
        - area: 0.225714
          height: 0.247675
          width: 0
